  
U.S. Geological Survey 
Processed Temperature Log (denoised, deconvolved) 
       16-Feb-2021 
________________________________________________ 
  
Temperature Log Information: 
  Well name:   GRIP-D 
  File name:   GRIP-D-2_95JUL07_c_d 
  Log date:    07-JUL-1995 
  
Contact Information: 
  Gary Clow 
  Institute of Arctic and Alpine Research 
  University of Colorado, Boulder USA 
  gclow@colorado.edu 
  
Definitions: 
  Depth:        Depth below local ground surface (m) 
  Temperature:  ITS-90 temperature (C) 
  NaN:          Not-a-Number (data were missing or bad) 
________________________________________________ 
             
 Depth  Temperature 
 40.93 -31.6986
 45.00 -31.7099
 50.00 -31.7249
 55.00 -31.7335
 60.00 -31.7426
 65.00 -31.7470
 70.00 -31.7504
 75.00 -31.7557
 80.00 -31.7572
 85.00 -31.7643
 90.00 -31.7663
 95.00 -31.7734
100.00 -31.7744
105.00 -31.7776
110.00 -31.7812
115.00 -31.7867
120.00 -31.7898
125.00 -31.7946
130.00 -31.7960
135.00 -31.7980
140.00 -31.7972
145.00 -31.7971
150.00 -31.7960
155.00 -31.7944
160.00 -31.7908
165.00 -31.7874
170.00 -31.7829
175.00 -31.7777
180.00 -31.7721
185.00 -31.7659
190.00 -31.7590
195.00 -31.7521
200.00 -31.7443
205.00 -31.7366
210.00 -31.7287
215.00 -31.7199
220.00 -31.7117
225.00 -31.7029
230.00 -31.6942
235.00 -31.6849
240.00 -31.6764
245.00 -31.6668
250.00 -31.6581
255.00 -31.6493
260.00 -31.6404
265.00 -31.6312
270.00 -31.6225
275.00 -31.6143
280.00 -31.6053
285.00 -31.5968
290.00 -31.5885
295.00 -31.5800
300.00 -31.5718
305.00 -31.5640
310.00 -31.5562
315.00 -31.5485
320.00 -31.5410
325.00 -31.5334
330.00 -31.5262
335.00 -31.5187
340.00 -31.5121
345.00 -31.5052
350.00 -31.4984
355.00 -31.4918
360.00 -31.4855
365.00 -31.4790
370.00 -31.4731
375.00 -31.4672
380.00 -31.4615
385.00 -31.4560
390.00 -31.4503
395.00 -31.4451
400.00 -31.4399
405.00 -31.4356
410.00 -31.4305
415.00 -31.4261
420.00 -31.4216
425.00 -31.4170
430.00 -31.4128
435.00 -31.4089
440.00 -31.4053
445.00 -31.4018
450.00 -31.3981
455.00 -31.3947
460.00 -31.3919
465.00 -31.3884
470.00 -31.3854
475.00 -31.3829
480.00 -31.3803
485.00 -31.3777
490.00 -31.3756
495.00 -31.3731
500.00 -31.3711
505.00 -31.3692
510.00 -31.3677
515.00 -31.3666
520.00 -31.3647
525.00 -31.3632
530.00 -31.3624
535.00 -31.3616
540.00 -31.3608
545.00 -31.3594
550.00 -31.3596
555.00 -31.3588
560.00 -31.3585
565.00 -31.3583
570.00 -31.3587
575.00 -31.3587
580.00 -31.3588
585.00 -31.3591
590.00 -31.3599
595.00 -31.3608
600.00 -31.3625
605.00 -31.3627
610.00 -31.3638
615.00 -31.3649
620.00 -31.3656
625.00 -31.3676
630.00 -31.3695
635.00 -31.3718
640.00 -31.3732
645.00 -31.3745
650.00 -31.3778
655.00 -31.3796
660.00 -31.3826
665.00 -31.3841
670.00 -31.3874
675.00 -31.3886
680.00 -31.3931
685.00 -31.3954
690.00 -31.3999
695.00 -31.4023
700.00 -31.4059
705.00 -31.4098
710.00 -31.4117
715.00 -31.4164
720.00 -31.4196
725.00 -31.4245
730.00 -31.4285
735.00 -31.4322
740.00 -31.4370
745.00 -31.4415
750.00 -31.4453
755.00 -31.4514
760.00 -31.4561
765.00 -31.4592
770.00 -31.4661
775.00 -31.4708
780.00 -31.4759
785.00 -31.4807
790.00 -31.4874
795.00 -31.4917
800.00 -31.4974
805.00 -31.5035
810.00 -31.5083
815.00 -31.5154
820.00 -31.5204
825.00 -31.5271
830.00 -31.5328
835.00 -31.5395
840.00 -31.5456
845.00 -31.5530
850.00 -31.5596
855.00 -31.5642
860.00 -31.5734
865.00 -31.5794
870.00 -31.5864
875.00 -31.5929
880.00 -31.6012
885.00 -31.6076
890.00 -31.6156
895.00 -31.6206
900.00 -31.6298
905.00 -31.6379
910.00 -31.6431
915.00 -31.6536
920.00 -31.6616
925.00 -31.6670
930.00 -31.6753
935.00 -31.6846
940.00 -31.6914
945.00 -31.6993
950.00 -31.7082
955.00 -31.7163
960.00 -31.7266
965.00 -31.7318
970.00 -31.7353
975.00 -31.7421
980.00 -31.7498
985.00 -31.7579
990.00 -31.7656
995.00 -31.7742
1000.00 -31.7822
1005.00 -31.7907
1010.00 -31.7993
1015.00 -31.8089
1020.00 -31.8176
1025.00 -31.8270
1030.00 -31.8350
1035.00 -31.8452
1040.00 -31.8551
1045.00 -31.8631
1050.00 -31.8721
1055.00 -31.8805
1060.00 -31.8886
1065.00 -31.8995
1070.00 -31.9084
1075.00 -31.9164
1080.00 -31.9255
1085.00 -31.9337
1090.00 -31.9438
1095.00 -31.9535
1100.00 -31.9629
1105.00 -31.9719
1110.00 -31.9806
1115.00 -31.9893
1120.00 -31.9984
1125.00 -32.0076
1130.00 -32.0163
1135.00 -32.0248
1140.00 -32.0348
1145.00 -32.0430
1150.00 -32.0524
1155.00 -32.0608
1160.00 -32.0706
1165.00 -32.0787
1170.00 -32.0873
1175.00 -32.0962
1180.00 -32.1048
1185.00 -32.1134
1190.00 -32.1224
1195.00 -32.1308
1200.00 -32.1389
1205.00 -32.1472
1210.00 -32.1556
1215.00 -32.1635
1220.00 -32.1716
1225.00 -32.1788
1230.00 -32.1876
1235.00 -32.1953
1240.00 -32.2029
1245.00 -32.2104
1250.00 -32.2184
1255.00 -32.2254
1260.00 -32.2328
1265.00 -32.2402
1270.00 -32.2477
1275.00 -32.2541
1280.00 -32.2611
1285.00 -32.2680
1290.00 -32.2743
1295.00 -32.2813
1300.00 -32.2871
1305.00 -32.2931
1310.00 -32.2996
1315.00 -32.3053
1320.00 -32.3111
1325.00 -32.3170
1330.00 -32.3223
1335.00 -32.3275
1340.00 -32.3325
1345.00 -32.3374
1350.00 -32.3423
1355.00 -32.3469
1360.00 -32.3510
1365.00 -32.3561
1370.00 -32.3592
1375.00 -32.3630
1380.00 -32.3665
1385.00 -32.3698
1390.00 -32.3738
1395.00 -32.3759
1400.00 -32.3788
1405.00 -32.3820
1410.00 -32.3840
1415.00 -32.3855
1420.00 -32.3876
1425.00 -32.3896
1430.00 -32.3908
1435.00 -32.3915
1440.00 -32.3925
1445.00 -32.3930
1450.00 -32.3933
1455.00 -32.3939
1460.00 -32.3932
1465.00 -32.3923
1470.00 -32.3924
1475.00 -32.3914
1480.00 -32.3920
1485.00 -32.3918
1490.00 -32.3898
1495.00 -32.3873
1500.00 -32.3842
1505.00 -32.3816
1510.00 -32.3790
1515.00 -32.3750
1520.00 -32.3711
1525.00 -32.3668
1530.00 -32.3626
1535.00 -32.3576
1540.00 -32.3523
1545.00 -32.3467
1550.00 -32.3406
1555.00 -32.3345
1560.00 -32.3277
1565.00 -32.3207
1570.00 -32.3135
1575.00 -32.3052
1580.00 -32.2976
1585.00 -32.2889
1590.00 -32.2801
1595.00 -32.2707
1600.00 -32.2611
1605.00 -32.2509
1610.00 -32.2400
1615.00 -32.2300
1620.00 -32.2185
1625.00 -32.2061
1630.00 -32.1952
1635.00 -32.1820
1640.00 -32.1689
1645.00 -32.1554
1650.00 -32.1416
1655.00 -32.1261
1660.00 -32.1120
1665.00 -32.0972
1670.00 -32.0802
1675.00 -32.0645
1680.00 -32.0488
1685.00 -32.0313
1690.00 -32.0136
1695.00 -31.9960
1700.00 -31.9766
1705.00 -31.9583
1710.00 -31.9360
1715.00 -31.9190
1720.00 -31.8996
1725.00 -31.8767
1730.00 -31.8575
1735.00 -31.8340
1740.00 -31.8129
1745.00 -31.7894
1750.00 -31.7644
1755.00 -31.7408
1760.00 -31.7158
1765.00 -31.6932
1770.00 -31.6658
1775.00 -31.6409
1780.00 -31.6154
1785.00 -31.5895
1790.00 -31.5586
1795.00 -31.5290
1800.00 -31.5044
1805.00 -31.4732
1810.00 -31.4447
1815.00 -31.4123
1820.00 -31.3779
1825.00 -31.3496
1830.00 -31.3186
1835.00 -31.2861
1840.00 -31.2544
1845.00 -31.2226
1850.00 -31.1883
1855.00 -31.1496
1860.00 -31.1168
1865.00 -31.0799
1870.00 -31.0464
1875.00 -31.0034
1880.00 -30.9708
1885.00 -30.9299
1890.00 -30.8943
1895.00 -30.8533
1900.00 -30.8110
1905.00 -30.7719
1910.00 -30.7297
1915.00 -30.6902
1920.00 -30.6510
1925.00 -30.6034
1930.00 -30.5630
1935.00 -30.5171
1940.00 -30.4709
1945.00 -30.4283
1950.00 -30.3838
1955.00 -30.3349
1960.00 -30.2907
1965.00 -30.2439
1970.00 -30.1867
1975.00 -30.1436
1980.00 -30.0928
1985.00 -30.0440
1990.00 -29.9991
1995.00 -29.9453
2000.00 -29.8878
2005.00 -29.8398
2010.00 -29.7870
2015.00 -29.7311
2020.00 -29.6769
2025.00 -29.6279
2030.00 -29.5673
2035.00 -29.5086
2040.00 -29.4552
2045.00 -29.3988
2050.00 -29.3402
2055.00 -29.2774
2060.00 -29.2186
2065.00 -29.1637
2070.00 -29.0981
2075.00 -29.0404
2080.00 -28.9793
2085.00 -28.9143
2090.00 -28.8506
2095.00 -28.7861
2100.00 -28.7260
2105.00 -28.6600
2110.00 -28.5962
2115.00 -28.5329
2120.00 -28.4702
2125.00 -28.4140
2130.00 -28.3317
2135.00 -28.2333
2140.00 -28.1873
2145.00 -28.1153
2150.00 -28.0476
2155.00 -27.9804
2160.00 -27.9093
2165.00 -27.8372
2170.00 -27.7629
2175.00 -27.6903
2180.00 -27.6229
2185.00 -27.5503
2190.00 -27.4609
2195.00 -27.3977
2200.00 -27.2880
2205.00 -27.2298
2210.00 -27.1602
2215.00 -27.0774
2220.00 -26.9991
2225.00 -26.9322
2230.00 -26.8459
2235.00 -26.7630
2240.00 -26.6884
2245.00 -26.6061
2250.00 -26.5441
2255.00 -26.4178
2260.00 -26.3486
2265.00 -26.2650
2270.00 -26.1927
2275.00 -26.1297
2280.00 -25.9935
2285.00 -25.9198
2290.00 -25.8437
2295.00 -25.7576
2300.00 -25.6791
2305.00 -25.5926
2310.00 -25.4653
2315.00 -25.3898
2320.00 -25.3073
2325.00 -25.2146
2330.00 -25.1272
2335.00 -25.0391
2340.00 -24.9542
2345.00 -24.8610
2350.00 -24.7774
2355.00 -24.6515
2360.00 -24.5614
2365.00 -24.4620
2370.00 -24.3792
2375.00 -24.2928
2380.00 -24.2110
2385.00 -24.0432
2390.00 -23.9715
2395.00 -23.8924
2400.00 -23.7996
2405.00 -23.7035
2410.00 -23.6041
2415.00 -23.5346
2420.00 -23.3638
2425.00 -23.2859
2430.00 -23.1904
2435.00 -23.0907
2440.00 -22.9894
2445.00 -22.9237
2450.00 -22.7461
2455.00 -22.6641
2460.00 -22.5690
2465.00 -22.4666
2470.00 -22.3680
2475.00 -22.2919
2480.00 -22.0998
2485.00 -22.0374
2490.00 -21.9294
2495.00 -21.8234
2500.00 -21.7211
2505.00 -21.6272
2510.00 -21.5436
2515.00 -21.3685
2520.00 -21.2742
2525.00 -21.1679
2530.00 -21.0651
2535.00 -20.9706
2540.00 -20.7907
2545.00 -20.7094
2550.00 -20.6115
2555.00 -20.5055
2560.00 -20.3958
2565.00 -20.2791
2570.00 -20.1692
2575.00 -20.0539
2580.00 -19.9869
2585.00 -19.7904
2590.00 -19.6998
2595.00 -19.5883
2600.00 -19.4764
2605.00 -19.3522
2610.00 -19.2558
2615.00 -19.1791
2620.00 -18.9908
2625.00 -18.8892
2630.00 -18.7832
2635.00 -18.6762
2640.00 -18.5236
2645.00 -18.4261
2650.00 -18.3070
2655.00 -18.1940
2660.00 -18.0137
2665.00 -17.9318
2670.00 -17.8157
2675.00 -17.6998
2680.00 -17.5839
2685.00 -17.4669
2690.00 -17.3404
2695.00 -17.2508
2700.00 -17.0457
2705.00 -16.9616
2710.00 -16.8458
2715.00 -16.7292
2720.00 -16.6092
2725.00 -16.4995
2730.00 -16.3583
2735.00 -16.2411
2740.00 -16.1655
2745.00 -15.9595
2750.00 -15.8620
2755.00 -15.7391
2760.00 -15.6172
2765.00 -15.5060
2770.00 -15.3406
2775.00 -15.2346
2780.00 -15.1116
2785.00 -15.0158
2790.00 -14.8204
2795.00 -14.7200
2800.00 -14.6205
2805.00 -14.4534
2810.00 -14.3359
2815.00 -14.2124
2820.00 -14.1030
2825.00 -13.9675
2830.00 -13.8219
2835.00 -13.7082
2840.00 -13.5932
2845.00 -13.3990
2850.00 -13.3051
2855.00 -13.1908
2860.00 -13.0945
2865.00 -12.8955
2870.00 -12.7986
2875.00 -12.6866
2880.00 -12.4925
2885.00 -12.3988
2890.00 -12.2840
2895.00 -12.1768
2900.00 -11.9764
2905.00 -11.8602
2910.00 -11.7493
2915.00 -11.6358
2920.00 -11.4454
2925.00 -11.3763
2930.00 -11.2075
2935.00 -11.1011
2940.00 -10.9118
2945.00 -10.8191
2950.00 -10.7257
2955.00 -10.5010
2960.00 -10.4565
2965.00 -10.2542
2970.00 -10.1471
2975.00 -10.0599
2980.00 -9.8615
2985.00 -9.7577
2990.00 -9.6111
2995.00 -9.4457
3000.00 -9.3471
3005.00 -9.2184
3010.00 -9.0262
3015.00 -8.9272
3020.00 -8.8120
3025.00 -8.6787
3028.57 -8.5687
