  
U.S. Geological Survey 
Processed Temperature Log (denoised, deconvolved) 
       01-Mar-2021 
________________________________________________ 
  
Temperature Log Information: 
  Well name:   GISP2-D 
  File name:   GISP-D-3_96JUN02_c_d 
  Log date:    02-JUN-1996 
  
Contact Information: 
  Gary Clow 
  Institute of Arctic and Alpine Research 
  University of Colorado, Boulder USA 
  gclow@colorado.edu 
  
Definitions: 
  Depth:        Depth below local ground surface (m) 
  Temperature:  ITS-90 temperature (C) 
  NaN:          Not-a-Number (data were missing or bad) 
________________________________________________ 
             
 Depth  Temperature 
 72.61 -31.4118
 75.00 -31.4139
 80.00 -31.4197
 85.00 -31.4264
 90.00 -31.4330
 95.00 -31.4387
100.00 -31.4441
105.00 -31.4493
110.00 -31.4545
115.00 -31.4591
120.00 -31.4630
125.00 -31.4662
130.00 -31.4687
135.00 -31.4704
140.00 -31.4712
145.00 -31.4712
150.00 -31.4704
155.00 -31.4689
160.00 -31.4666
165.00 -31.4636
170.00 -31.4598
175.00 -31.4554
180.00 -31.4504
185.00 -31.4448
190.00 -31.4387
195.00 -31.4322
200.00 -31.4254
205.00 -31.4182
210.00 -31.4107
215.00 -31.4028
220.00 -31.3946
225.00 -31.3863
230.00 -31.3780
235.00 -31.3698
240.00 -31.3614
245.00 -31.3528
250.00 -31.3442
255.00 -31.3356
260.00 -31.3271
265.00 -31.3188
270.00 -31.3105
275.00 -31.3022
280.00 -31.2940
285.00 -31.2859
290.00 -31.2778
295.00 -31.2698
300.00 -31.2619
305.00 -31.2541
310.00 -31.2465
315.00 -31.2389
320.00 -31.2315
325.00 -31.2240
330.00 -31.2167
335.00 -31.2095
340.00 -31.2025
345.00 -31.1957
350.00 -31.1889
355.00 -31.1824
360.00 -31.1759
365.00 -31.1696
370.00 -31.1635
375.00 -31.1574
380.00 -31.1516
385.00 -31.1458
390.00 -31.1403
395.00 -31.1349
400.00 -31.1295
405.00 -31.1244
410.00 -31.1194
415.00 -31.1145
420.00 -31.1097
425.00 -31.1051
430.00 -31.1007
435.00 -31.0964
440.00 -31.0922
445.00 -31.0882
450.00 -31.0843
455.00 -31.0805
460.00 -31.0769
465.00 -31.0735
470.00 -31.0701
475.00 -31.0668
480.00 -31.0638
485.00 -31.0608
490.00 -31.0581
495.00 -31.0555
500.00 -31.0531
505.00 -31.0507
510.00 -31.0486
515.00 -31.0465
520.00 -31.0447
525.00 -31.0430
530.00 -31.0414
535.00 -31.0399
540.00 -31.0386
545.00 -31.0374
550.00 -31.0364
555.00 -31.0355
560.00 -31.0347
565.00 -31.0341
570.00 -31.0336
575.00 -31.0332
580.00 -31.0329
585.00 -31.0328
590.00 -31.0328
595.00 -31.0329
600.00 -31.0332
605.00 -31.0335
610.00 -31.0340
615.00 -31.0346
620.00 -31.0354
625.00 -31.0363
630.00 -31.0373
635.00 -31.0384
640.00 -31.0396
645.00 -31.0410
650.00 -31.0425
655.00 -31.0441
660.00 -31.0459
665.00 -31.0478
670.00 -31.0498
675.00 -31.0519
680.00 -31.0542
685.00 -31.0565
690.00 -31.0590
695.00 -31.0616
700.00 -31.0644
705.00 -31.0672
710.00 -31.0702
715.00 -31.0733
720.00 -31.0765
725.00 -31.0798
730.00 -31.0833
735.00 -31.0868
740.00 -31.0905
745.00 -31.0943
750.00 -31.0983
755.00 -31.1023
760.00 -31.1065
765.00 -31.1108
770.00 -31.1151
775.00 -31.1196
780.00 -31.1242
785.00 -31.1290
790.00 -31.1338
795.00 -31.1387
800.00 -31.1438
805.00 -31.1489
810.00 -31.1542
815.00 -31.1597
820.00 -31.1652
825.00 -31.1708
830.00 -31.1765
835.00 -31.1823
840.00 -31.1882
845.00 -31.1942
850.00 -31.2004
855.00 -31.2066
860.00 -31.2130
865.00 -31.2194
870.00 -31.2260
875.00 -31.2326
880.00 -31.2394
885.00 -31.2462
890.00 -31.2530
895.00 -31.2600
900.00 -31.2672
905.00 -31.2744
910.00 -31.2816
915.00 -31.2890
920.00 -31.2964
925.00 -31.3039
930.00 -31.3115
935.00 -31.3192
940.00 -31.3271
945.00 -31.3352
950.00 -31.3432
955.00 -31.3513
960.00 -31.3594
965.00 -31.3675
970.00 -31.3758
975.00 -31.3840
980.00 -31.3924
985.00 -31.4008
990.00 -31.4093
995.00 -31.4178
1000.00 -31.4264
1005.00 -31.4351
1010.00 -31.4438
1015.00 -31.4526
1020.00 -31.4614
1025.00 -31.4703
1030.00 -31.4792
1035.00 -31.4882
1040.00 -31.4973
1045.00 -31.5064
1050.00 -31.5154
1055.00 -31.5246
1060.00 -31.5337
1065.00 -31.5430
1070.00 -31.5523
1075.00 -31.5616
1080.00 -31.5709
1085.00 -31.5802
1090.00 -31.5894
1095.00 -31.5987
1100.00 -31.6079
1105.00 -31.6172
1110.00 -31.6268
1115.00 -31.6364
1120.00 -31.6460
1125.00 -31.6554
1130.00 -31.6648
1135.00 -31.6742
1140.00 -31.6835
1145.00 -31.6928
1150.00 -31.7023
1155.00 -31.7117
1160.00 -31.7211
1165.00 -31.7304
1170.00 -31.7397
1175.00 -31.7490
1180.00 -31.7583
1185.00 -31.7676
1190.00 -31.7768
1195.00 -31.7859
1200.00 -31.7951
1205.00 -31.8041
1210.00 -31.8132
1215.00 -31.8222
1220.00 -31.8312
1225.00 -31.8401
1230.00 -31.8490
1235.00 -31.8577
1240.00 -31.8664
1245.00 -31.8749
1250.00 -31.8834
1255.00 -31.8918
1260.00 -31.9003
1265.00 -31.9087
1270.00 -31.9171
1275.00 -31.9253
1280.00 -31.9334
1285.00 -31.9414
1290.00 -31.9491
1295.00 -31.9568
1300.00 -31.9643
1305.00 -31.9720
1310.00 -31.9795
1315.00 -31.9869
1320.00 -31.9939
1325.00 -32.0009
1330.00 -32.0079
1335.00 -32.0148
1340.00 -32.0215
1345.00 -32.0279
1350.00 -32.0341
1355.00 -32.0402
1360.00 -32.0463
1365.00 -32.0523
1370.00 -32.0580
1375.00 -32.0634
1380.00 -32.0687
1385.00 -32.0739
1390.00 -32.0790
1395.00 -32.0839
1400.00 -32.0885
1405.00 -32.0929
1410.00 -32.0971
1415.00 -32.1012
1420.00 -32.1051
1425.00 -32.1087
1430.00 -32.1120
1435.00 -32.1152
1440.00 -32.1181
1445.00 -32.1207
1450.00 -32.1232
1455.00 -32.1254
1460.00 -32.1275
1465.00 -32.1292
1470.00 -32.1307
1475.00 -32.1319
1480.00 -32.1329
1485.00 -32.1337
1490.00 -32.1342
1495.00 -32.1345
1500.00 -32.1344
1505.00 -32.1341
1510.00 -32.1335
1515.00 -32.1325
1520.00 -32.1313
1525.00 -32.1297
1530.00 -32.1279
1535.00 -32.1258
1540.00 -32.1233
1545.00 -32.1205
1550.00 -32.1174
1555.00 -32.1140
1560.00 -32.1103
1565.00 -32.1062
1570.00 -32.1018
1575.00 -32.0971
1580.00 -32.0920
1585.00 -32.0866
1590.00 -32.0806
1595.00 -32.0743
1600.00 -32.0676
1605.00 -32.0606
1610.00 -32.0534
1615.00 -32.0462
1620.00 -32.0388
1625.00 -32.0309
1630.00 -32.0221
1635.00 -32.0126
1640.00 -32.0028
1645.00 -31.9932
1650.00 -31.9831
1655.00 -31.9723
1660.00 -31.9609
1665.00 -31.9490
1670.00 -31.9368
1675.00 -31.9243
1680.00 -31.9115
1685.00 -31.8981
1690.00 -31.8844
1695.00 -31.8704
1700.00 -31.8562
1705.00 -31.8414
1710.00 -31.8256
1715.00 -31.8092
1720.00 -31.7924
1725.00 -31.7753
1730.00 -31.7579
1735.00 -31.7401
1740.00 -31.7219
1745.00 -31.7031
1750.00 -31.6837
1755.00 -31.6637
1760.00 -31.6433
1765.00 -31.6225
1770.00 -31.6012
1775.00 -31.5791
1780.00 -31.5564
1785.00 -31.5333
1790.00 -31.5098
1795.00 -31.4859
1800.00 -31.4616
1805.00 -31.4367
1810.00 -31.4114
1815.00 -31.3855
1820.00 -31.3592
1825.00 -31.3322
1830.00 -31.3048
1835.00 -31.2769
1840.00 -31.2482
1845.00 -31.2186
1850.00 -31.1886
1855.00 -31.1582
1860.00 -31.1273
1865.00 -31.0962
1870.00 -31.0642
1875.00 -31.0318
1880.00 -30.9984
1885.00 -30.9642
1890.00 -30.9299
1895.00 -30.8955
1900.00 -30.8605
1905.00 -30.8243
1910.00 -30.7871
1915.00 -30.7494
1920.00 -30.7117
1925.00 -30.6733
1930.00 -30.6343
1935.00 -30.5948
1940.00 -30.5546
1945.00 -30.5136
1950.00 -30.4723
1955.00 -30.4300
1960.00 -30.3870
1965.00 -30.3432
1970.00 -30.3001
1975.00 -30.2570
1980.00 -30.2127
1985.00 -30.1667
1990.00 -30.1200
1995.00 -30.0731
2000.00 -30.0257
2005.00 -29.9780
2010.00 -29.9294
2015.00 -29.8801
2020.00 -29.8295
2025.00 -29.7780
2030.00 -29.7278
2035.00 -29.6760
2040.00 -29.6222
2045.00 -29.5679
2050.00 -29.5138
2055.00 -29.4601
2060.00 -29.4055
2065.00 -29.3505
2070.00 -29.2946
2075.00 -29.2385
2080.00 -29.1821
2085.00 -29.1248
2090.00 -29.0659
2095.00 -29.0059
2100.00 -28.9451
2105.00 -28.8848
2110.00 -28.8241
2115.00 -28.7626
2120.00 -28.6996
2125.00 -28.6361
2130.00 -28.5724
2135.00 -28.5088
2140.00 -28.4445
2145.00 -28.3790
2150.00 -28.3125
2155.00 -28.2455
2160.00 -28.1778
2165.00 -28.1094
2170.00 -28.0406
2175.00 -27.9712
2180.00 -27.9011
2185.00 -27.8307
2190.00 -27.7600
2195.00 -27.6886
2200.00 -27.6162
2205.00 -27.5431
2210.00 -27.4694
2215.00 -27.3953
2220.00 -27.3211
2225.00 -27.2466
2230.00 -27.1708
2235.00 -27.0948
2240.00 -27.0175
2245.00 -26.9392
2250.00 -26.8601
2255.00 -26.7809
2260.00 -26.7017
2265.00 -26.6218
2270.00 -26.5413
2275.00 -26.4602
2280.00 -26.3785
2285.00 -26.2956
2290.00 -26.2126
2295.00 -26.1288
2300.00 -26.0445
2305.00 -25.9603
2310.00 -25.8762
2315.00 -25.7920
2320.00 -25.7061
2325.00 -25.6175
2330.00 -25.5280
2335.00 -25.4393
2340.00 -25.3513
2345.00 -25.2628
2350.00 -25.1733
2355.00 -25.0833
2360.00 -24.9927
2365.00 -24.9026
2370.00 -24.8119
2375.00 -24.7195
2380.00 -24.6253
2385.00 -24.5311
2390.00 -24.4382
2395.00 -24.3457
2400.00 -24.2522
2405.00 -24.1561
2410.00 -24.0598
2415.00 -23.9631
2420.00 -23.8668
2425.00 -23.7699
2430.00 -23.6723
2435.00 -23.5743
2440.00 -23.4758
2445.00 -23.3766
2450.00 -23.2768
2455.00 -23.1764
2460.00 -23.0754
2465.00 -22.9745
2470.00 -22.8739
2475.00 -22.7737
2480.00 -22.6728
2485.00 -22.5709
2490.00 -22.4684
2495.00 -22.3647
2500.00 -22.2601
2505.00 -22.1550
2510.00 -22.0507
2515.00 -21.9467
2520.00 -21.8419
2525.00 -21.7358
2530.00 -21.6294
2535.00 -21.5245
2540.00 -21.4202
2545.00 -21.3146
2550.00 -21.2061
2555.00 -21.0966
2560.00 -20.9874
2565.00 -20.8789
2570.00 -20.7704
2575.00 -20.6619
2580.00 -20.5537
2585.00 -20.4450
2590.00 -20.3348
2595.00 -20.2234
2600.00 -20.1123
2605.00 -20.0005
2610.00 -19.8892
2615.00 -19.7789
2620.00 -19.6691
2625.00 -19.5568
2630.00 -19.4420
2635.00 -19.3274
2640.00 -19.2144
2645.00 -19.1021
2650.00 -18.9892
2655.00 -18.8751
2660.00 -18.7608
2665.00 -18.6466
2670.00 -18.5317
2675.00 -18.4175
2680.00 -18.3028
2685.00 -18.1880
2690.00 -18.0721
2695.00 -17.9552
2700.00 -17.8387
2705.00 -17.7227
2710.00 -17.6069
2715.00 -17.4909
2720.00 -17.3748
2725.00 -17.2582
2730.00 -17.1395
2735.00 -17.0199
2740.00 -16.9006
2745.00 -16.7827
2750.00 -16.6648
2755.00 -16.5467
2760.00 -16.4282
2765.00 -16.3094
2770.00 -16.1900
2775.00 -16.0710
2780.00 -15.9509
2785.00 -15.8312
2790.00 -15.7111
2795.00 -15.5911
2800.00 -15.4711
2805.00 -15.3511
2810.00 -15.2308
2815.00 -15.1102
2820.00 -14.9889
2825.00 -14.8671
2830.00 -14.7458
2835.00 -14.6254
2840.00 -14.5047
2845.00 -14.3823
2850.00 -14.2587
2855.00 -14.1357
2860.00 -14.0141
2865.00 -13.8928
2870.00 -13.7713
2875.00 -13.6498
2880.00 -13.5275
2885.00 -13.4046
2890.00 -13.2818
2895.00 -13.1599
2900.00 -13.0388
2905.00 -12.9170
2910.00 -12.7942
2915.00 -12.6723
2920.00 -12.5502
2925.00 -12.4282
2930.00 -12.3057
2935.00 -12.1827
2940.00 -12.0599
2945.00 -11.9360
2950.00 -11.8125
2955.00 -11.6896
2960.00 -11.5681
2965.00 -11.4461
2970.00 -11.3225
2975.00 -11.1970
2980.00 -11.0732
2985.00 -10.9513
2990.00 -10.8296
2995.00 -10.7056
3000.00 -10.5812
3005.00 -10.4575
3010.00 -10.3352
3015.00 -10.2129
3020.00 -10.0899
3025.00 -9.9671
3030.00 -9.8438
3035.00 -9.7209
3040.00 -9.5989
3045.00 -9.4790
3050.00 -9.3606
3053.15 -9.2860
